[gd_scene load_steps=8 format=3 uid="uid://cvyxmfymt70g6"]

[ext_resource type="Script" uid="uid://djyvbg5silwol" path="res://Player/player.gd" id="1_l8h54"]
[ext_resource type="Script" uid="uid://bfg73tmwmg76w" path="res://Player/smooth_camera_arm.gd" id="2_4ntmi"]
[ext_resource type="PackedScene" uid="uid://6i38w2poape5" path="res://Player/rig.tscn" id="3_btcbx"]
[ext_resource type="Script" uid="uid://deaq1dw4n01qv" path="res://Player/attack_cast.gd" id="4_gwnis"]
[ext_resource type="PackedScene" uid="uid://ccqiaxecpb3fi" path="res://Player/health_component.tscn" id="5_k53q1"]

[sub_resource type="CapsuleShape3D" id="CapsuleShape3D_hvfyp"]

[sub_resource type="SeparationRayShape3D" id="SeparationRayShape3D_l8h54"]

[node name="Player" type="CharacterBody3D"]
collision_layer = 5
script = ExtResource("1_l8h54")

[node name="CollisionShape3D" type="CollisionShape3D" parent="."]
transform = Transform3D(1, 0, 0, 0, 1, 0, 0, 0, 1, 0, 1, 0)
shape = SubResource("CapsuleShape3D_hvfyp")

[node name="SmoothCameraArm" type="SpringArm3D" parent="." node_paths=PackedStringArray("target")]
transform = Transform3D(1, 0, 0, 0, 0.906308, 0.422618, 0, -0.422618, 0.906308, 0, 5, 0)
shape = SubResource("SeparationRayShape3D_l8h54")
spring_length = 5.0
script = ExtResource("2_4ntmi")
target = NodePath("../HorizontalPivot/VerticalPivot")

[node name="Camera3D" type="Camera3D" parent="SmoothCameraArm"]

[node name="HorizontalPivot" type="Node3D" parent="."]

[node name="VerticalPivot" type="Node3D" parent="HorizontalPivot"]

[node name="RigPivot" type="Node3D" parent="."]

[node name="Rig" parent="RigPivot" instance=ExtResource("3_btcbx")]

[node name="Skeleton3D" parent="RigPivot/Rig/CharacterRig/GameRig" index="0"]
bones/0/position = Vector3(3.37508e-15, 0.891752, -0.0481736)
bones/2/rotation = Quaternion(-0.00455572, -0.000460066, 0.00321569, 0.999984)
bones/3/rotation = Quaternion(-0.0995963, -0.000420428, 0.0085179, 0.994991)
bones/4/rotation = Quaternion(0.278957, 1.427e-08, 9.59077e-08, 0.960304)
bones/6/rotation = Quaternion(-0.153628, -1.17899e-07, -1.76252e-08, 0.988129)
bones/7/position = Vector3(-3.30871e-08, 0.891752, -0.0481735)
bones/8/position = Vector3(-4.73599e-08, 0.891752, -0.0481735)
bones/9/position = Vector3(0.131144, 0.957956, -0.0351291)
bones/9/rotation = Quaternion(0.992463, 0.0211472, -0.0308208, 0.116702)
bones/11/rotation = Quaternion(0.431877, -0.000700541, 0.000335569, 0.901932)
bones/13/rotation = Quaternion(-0.756804, 0.0119048, 0.0244328, 0.653077)
bones/15/position = Vector3(-0.131144, 0.957956, -0.0351291)
bones/15/rotation = Quaternion(0.972124, -0.00598216, 0.0271829, 0.232809)
bones/17/rotation = Quaternion(0.45519, 0.00335622, -0.00171587, 0.890387)
bones/19/rotation = Quaternion(-0.692209, -0.0282138, -0.000445369, 0.721145)
bones/21/position = Vector3(0.0251286, 1.42309, 0.0408492)
bones/21/rotation = Quaternion(-0.501836, -0.254391, -0.393832, 0.726872)
bones/22/position = Vector3(0.187395, 1.45855, -0.0287401)
bones/22/rotation = Quaternion(0.0607946, -0.157999, 0.973821, -0.151703)
bones/23/rotation = Quaternion(8.1887e-08, -0.00774524, -1.07967e-08, 0.99997)
bones/24/rotation = Quaternion(0.277839, -0.00675304, -0.016611, 0.96046)
bones/46/position = Vector3(-0.0113635, 1.42309, 0.0408492)
bones/46/rotation = Quaternion(-0.527917, 0.201753, 0.357521, 0.743491)
bones/47/position = Vector3(-0.161959, 1.45792, -0.051601)
bones/47/rotation = Quaternion(-0.101804, -0.132181, 0.97079, 0.172428)
bones/48/rotation = Quaternion(-6.9622e-08, -0.00489559, -1.25787e-07, 0.999988)
bones/49/rotation = Quaternion(0.307483, -0.00462725, 0.0284921, 0.951116)
bones/71/position = Vector3(0.127191, 1.3401, -0.027019)
bones/71/rotation = Quaternion(1.89128e-08, 0.618804, 0.785546, -4.66295e-08)
bones/72/position = Vector3(-0.113426, 1.3401, -0.027019)
bones/72/rotation = Quaternion(1.89129e-08, 0.618804, 0.785546, -4.66294e-08)

[node name="RightHandBone" parent="RigPivot/Rig" index="2"]
transform = Transform3D(-0.962437, -0.270502, -0.0233135, 0.247304, -0.908849, 0.335908, -0.112052, 0.317525, 0.941606, -0.3357, 0.971363, -0.0526581)

[node name="LeftHandBone" parent="RigPivot/Rig" index="3"]
transform = Transform3D(-0.970309, 0.239797, 0.031614, -0.226096, -0.945672, 0.233636, 0.0859217, 0.219552, 0.97181, 0.344382, 0.96227, -0.0640881)

[node name="RayAttachment" type="BoneAttachment3D" parent="RigPivot/Rig"]
transform = Transform3D(-0.962437, -0.270502, -0.0233135, 0.247304, -0.908849, 0.335908, -0.112052, 0.317525, 0.941606, -0.3357, 0.971363, -0.0526581)
bone_name = "DEF-hand.R"
bone_idx = 51
use_external_skeleton = true
external_skeleton = NodePath("../CharacterRig/GameRig/Skeleton3D")

[node name="AttackCast" type="RayCast3D" parent="RigPivot/Rig/RayAttachment"]
unique_name_in_owner = true
transform = Transform3D(-4.68798e-08, 3.97769e-08, 1, 0.996195, 0.0871559, 4.32346e-08, -0.0871559, 0.996195, -4.37114e-08, -0.03, 0.075, 0.01)
target_position = Vector3(0, 1, 0)
collision_mask = 8
script = ExtResource("4_gwnis")

[node name="HealthComponent" parent="." instance=ExtResource("5_k53q1")]

[connection signal="defeat" from="HealthComponent" to="." method="_on_health_component_defeat"]

[editable path="RigPivot/Rig"]
[editable path="RigPivot/Rig/CharacterRig"]
